MAIOU: 0.3298860483479743, mean speed: 3.6409571428571423
MAIOU: 0.3298860483479743, mean speed: 10698.33866734694
