MAIOU: 0.6914638511276064, mean speed: 0.051641269841269835
MAIOU: 0.6914638511276064, mean speed: 0.03787211870255349
MAIOU: 0.7418343568718211, mean speed: 4520.854286473426
