MAIOU: 0.6914638511276064, mean speed: 0.05097632850241546
MAIOU: 0.6914638511276064, mean speed: 0.05364258109040718
