MAIOU: 0.6730038248583561, mean speed: 4.441230848861265
MAIOU: 0.6730038248583561, mean speed: 3.601384610075908
MAIOU: 0.723124503770559, mean speed: 1574.5632033816419
