MAIOU: 0.6914638511276064, mean speed: 0.05097632850241546
MAIOU: 0.6914638511276064, mean speed: 0.05364258109040718
MAIOU: 0.7418343568718211, mean speed: 4223.666362525878
