MAIOU: 0.6730038248583561, mean speed: 4.441230848861265
MAIOU: 0.6730038248583561, mean speed: 3.601384610075908
