MAIOU: 0.67222259429671, mean speed: 4.849787577639733
MAIOU: 0.67222259429671, mean speed: 3.6256441683919842
