MAIOU: 0.6914638511276064, mean speed: 0.051641269841269835
MAIOU: 0.6914638511276064, mean speed: 0.03787211870255349
