MAIOU: 0.6730038248583561, mean speed: 4.327037336093832
MAIOU: 0.6730038248583561, mean speed: 3.6123971014492686
MAIOU: 0.723124503770559, mean speed: 1559.5359846100744
