MAIOU: 0.37975626484471925, mean speed: 0.04082857142857143
MAIOU: 0.37975626484471925, mean speed: 32853.670971428575
