MAIOU: 0.6929609975099481, mean speed: 0.04818157349896481
MAIOU: 0.6929609975099481, mean speed: 0.03381518288474809
MAIOU: 0.7455048928277669, mean speed: 886.734067356798
